0.14281072941413916 0.1722353455491232
2.523040338979555 2.247564506279278
1.0681196067479235 0.9311656575459288
1.0681196067479235 0.9311656575459288
0.14281072941413916 0.1722353455491232
0.14281072941413916 0.9311656575459288
1.0681196067479235 0.9311656575459288
1.0681196067479235 0.9311656575459288
0.7359183121388143 0.7737340307118394
0.7359183121388143 0.7737340307118394
0.7359183121388143 0.7737340307118394
0.7359183121388143 0.7737340307118394
0.7359183121388143 0.7737340307118394
0.7359183121388143 0.7737340307118394
0.9605488155504343 1.0033319794379196
0.9605488155504343 1.0033319794379196
0.9605488155504343 1.0033319794379196
0.9605488155504343 1.0033319794379196
0.9605488155504343 1.0033319794379196
0.9605488155504343 1.0033319794379196
0.9605488155504343 1.0033319794379196
0.9605488155504343 1.0033319794379196
0.9605488155504343 1.0033319794379196
0.9605488155504343 1.0033319794379196
0.9605488155504343 1.0033319794379196
0.9605488155504343 1.0033319794379196
0.9605488155504343 1.0033319794379196
0.9605488155504343 1.0033319794379196
0.9605488155504343 1.0033319794379196
0.9605488155504343 1.0033319794379196
0.9605488155504343 1.0033319794379196
0.9605488155504343 1.0033319794379196
0.9605488155504343 1.0033319794379196
